60 122
0 1
0 1
0 1
0 2
0 2
0 2
0 3
0 6
0 9
0 57
1 6
1 8
1 9
1 12
1 20
1 55
1 58
2 3
2 4
2 28
2 52
3 6
3 7
3 13
3 15
3 15
3 18
3 34
4 7
4 10
4 11
4 38
4 46
5 7
5 19
5 37
6 22
6 42
7 12
7 30
7 45
7 54
8 16
8 16
8 21
8 57
9 15
9 45
10 22
10 30
10 38
10 47
11 31
11 52
12 14
12 26
12 44
13 23
13 23
14 16
14 24
14 25
14 28
15 17
15 19
15 20
15 25
15 51
16 21
16 45
17 40
18 20
18 41
19 24
19 37
20 59
21 29
21 36
21 39
22 30
23 24
23 26
23 34
24 56
24 59
25 52
26 59
27 59
28 59
29 38
30 40
30 46
31 55
32 59
33 34
34 49
34 58
35 59
36 57
37 59
38 54
38 56
39 42
40 59
41 59
42 59
43 59
44 59
45 59
46 59
47 59
48 49
49 59
50 59
51 59
52 59
53 59
54 59
55 59
56 59
57 59
58 59
17
2
31
5
3
13
2
3
13
3
5
31
11
29
31
29
31
29
11
3
3
13
17
3
2
2
17
3
7
31
23
7
2
11
23
31
2
23
2
13
3
2
29
7
23
13
23
7
2
29
11
29
23
13
31
11
31
11
2
29
